$ 1 0.0000049999999999999996 8.281975887399955 69 5 50
r 640 128 640 272 0 1000
R 96 64 32 64 0 1 60 2 0 0 0.5
w 384 128 272 128 0
w 272 64 192 64 0
w 272 96 272 128 0
r 96 192 192 192 0 1000
a 256 224 368 224 9 15 -15 1000000 0 0 100000
w 384 128 384 80 0
g 512 224 512 272 0 0
w 176 336 304 336 0
w 512 80 576 80 0
w 272 64 384 80 0
b 3 6 218 141 0
r 384 80 512 80 0 1
c 512 80 512 224 0 0.00001 -0.9492012170958504 0.001
b 416 32 562 320 0
x 452 14 496 17 4 24 wire
x 39 -11 137 -8 4 24 electrode
x 592 73 692 76 4 24 computer
c 96 64 192 64 0 0.00009999999999999999 -1.037659270183011 0.001
o 1 64 0 4098 3.5 0.025 0 2 1 3
o 10 64 0 4114 5 0.1 1 2 10 3
