$ 1 0.000005 10.20027730826997 57 5 50
w 288 112 288 176 0
w 432 192 432 112 0
r 288 112 432 112 0 10000000
r 192 112 288 112 0 300000
r 288 208 288 256 0 10000000
g 288 256 288 304 0 0
R 192 112 128 112 0 1 60 5 0 0 0.5
O 432 192 496 192 0 0
v 112 208 48 208 0 2 120 0.01 0 0 0.1
R 48 208 16 208 0 1 60 5 0 0 0.5
p 112 208 112 256 0 0 0
g 112 256 112 304 0 0
409 320 192 432 192 1 0.6 -9.732841312108395 0.023100000000000002 0
w 288 176 320 176 0
w 288 208 320 208 0
R 368 224 368 256 0 0 40 -10 0 0 0.5
R 368 160 368 128 0 0 40 10 0 0 0.5
r 288 208 112 208 0 300000
o 6 64 0 4098 7 0.025 0 2 6 3
o 10 64 0 4098 7 0.00009765625 0 1
o 7 32 0 4098 5 0.0000244140625 1 1
o 0 64 0 4099 10 0.00009765625 2 2 0 3
o 0 64 0 4099 10 0.00009765625 3 2 0 3
