$ 1 0.0000049999999999999996 2.1831051418620846 80 5 50
r 384 80 464 80 0 10000
g 544 304 544 352 0 0
r 576 80 464 80 0 10000
R 112 64 48 64 0 1 60 2 0 0 0.5
O 576 192 640 192 0 0
v 128 320 64 320 0 2 120 0.01 0 0 0.1
R 64 320 32 320 0 1 60 2 0 0 0.5
p 128 320 128 368 0 0 0
g 128 368 128 416 0 0
409 464 192 576 192 1 0.6 -8.818731682942769 0.023100000000000002 0
R 320 48 320 16 0 0 40 9 0 0 0.5
R 320 336 320 384 0 0 40 -9 0 0 0.5
409 272 80 384 80 3 0.6 -7.57632200838982 0.023100000000000002 0
409 272 304 384 304 1 0.6 -8.022995737301262 0.0231 0
R 320 112 320 160 0 0 40 -9 0 0 0.5
R 320 272 320 240 0 0 40 9 0 0 0.5
r 384 304 464 304 0 10000
r 464 304 544 304 0 10000
r 384 160 384 80 0 10000
r 384 304 384 224 0 10000
r 384 224 384 160 0 1000
w 384 160 272 160 0
w 384 224 272 224 0
w 464 80 464 176 0
w 464 208 464 304 0
w 576 192 576 80 0
w 272 64 192 64 0
w 192 320 272 320 0
R 512 224 512 272 0 0 40 -9 0 0 0.5
R 512 160 512 128 0 0 40 9 0 0 0.5
w 272 96 272 160 0
w 272 224 272 288 0
r 112 64 192 64 0 100000
r 128 320 192 320 0 5000
o 3 64 0 4098 3.5 0.025 0 2 3 3
o 7 64 0 4098 3.5 0.00009765625 0 1
o 4 64 0 4098 5 0.0000244140625 1 1
